47 38 
39 50 
45 33 
37 47 
35 53 
43 45 
42 44 
43 34 
43 42 
47 39 
44 34 
43 47 
50 46 
39 46 
43 36 
48 52 
41 42 
34 54 
31 44 
45 46 
32 47 
40 49 
40 38 
54 33 
35 49 
33 57 
49 41 
31 51 
48 40 
56 29 
43 41 
45 37 
47 46 
50 41 
47 45 
31 61 
48 37 
44 46 
42 44 
43 47 
53 40 
52 29 
51 38 
42 45 
27 31 
33 56 
43 54 
53 36 
39 45 
26 62 
45 48 
51 47 
51 41 
66 32 
36 49 
43 46 
43 46 
39 49 
61 26 
37 36 
69 25 
46 38 
52 44 
49 49 
53 42 
42 42 
47 33 
46 44 
51 41 
32 35 
45 46 
52 34 
52 35 
48 44 
43 45 
44 51 
43 37 
41 45 
22 48 
40 47 
37 50 
47 45 
41 38 
34 52 
44 44 
46 45 
37 50 
48 39 
46 45 
44 42 
33 54 
40 45 
49 39 
44 36 
50 42 
43 50 
50 40 
43 34 
42 44 
40 44 
