46 42 
42 44 
56 35 
52 35 
48 43 
41 37 
47 50 
42 49 
48 48 
49 37 
52 38 
40 29 
55 43 
53 46 
28 48 
40 42 
43 33 
35 56 
33 51 
70 28 
45 48 
52 35 
43 38 
39 51 
38 60 
46 51 
54 35 
48 42 
42 48 
40 39 
45 37 
42 49 
45 51 
46 40 
47 43 
39 40 
36 40 
49 46 
34 32 
47 42 
42 52 
54 38 
47 37 
41 46 
42 46 
46 38 
43 44 
50 32 
49 40 
35 44 
40 52 
31 48 
48 44 
46 38 
33 41 
44 47 
55 35 
49 41 
63 35 
44 38 
52 29 
61 32 
40 55 
36 43 
39 42 
52 36 
42 47 
56 32 
54 35 
41 42 
42 35 
40 43 
43 31 
39 45 
44 50 
44 37 
50 39 
38 51 
40 47 
44 42 
33 47 
40 45 
37 57 
39 44 
30 41 
44 45 
35 40 
51 39 
45 46 
37 37 
36 41 
50 44 
40 36 
38 45 
47 48 
52 40 
42 34 
47 41 
38 42 
37 55 
